ASC_CAR = -0.15463267198926228
ASC_TRAIN = -0.7011872849436396
B_COST = -1.0837900371207707
B_TIME = -1.277858956519672
